{
 "cells": [
  {
   "cell_type": "code",
   "execution_count": 2,
   "metadata": {},
   "outputs": [
    {
     "name": "stdout",
     "output_type": "stream",
     "text": [
      "------------OUTPUT-------------\n",
      "\n",
      "The input array is: [  3   5   7   2   8  10  11  65  72  81  99 100 150] \n",
      "\n",
      "Number of columns in output matrix should be: 3 \n",
      "\n",
      "Vander matrix of the input array in decreasing order of powers:\n",
      "\n",
      " [[    9     3     1]\n",
      " [   25     5     1]\n",
      " [   49     7     1]\n",
      " [    4     2     1]\n",
      " [   64     8     1]\n",
      " [  100    10     1]\n",
      " [  121    11     1]\n",
      " [ 4225    65     1]\n",
      " [ 5184    72     1]\n",
      " [ 6561    81     1]\n",
      " [ 9801    99     1]\n",
      " [10000   100     1]\n",
      " [22500   150     1]] \n",
      "\n",
      "Vander matrix of the input array in increasing order of powers:\n",
      "\n",
      " [[    1     3     9]\n",
      " [    1     5    25]\n",
      " [    1     7    49]\n",
      " [    1     2     4]\n",
      " [    1     8    64]\n",
      " [    1    10   100]\n",
      " [    1    11   121]\n",
      " [    1    65  4225]\n",
      " [    1    72  5184]\n",
      " [    1    81  6561]\n",
      " [    1    99  9801]\n",
      " [    1   100 10000]\n",
      " [    1   150 22500]] \n",
      "\n",
      "---------------------------------------------------------------\n",
      "\n",
      "The input array is: [  3   5   7   2   8  10  11  65  72  81  99 100 150] \n",
      "\n",
      "Number of columns in output matrix should be: 5 \n",
      "\n",
      "Vander matrix of the input array in decreasing order of powers:\n",
      "\n",
      " [[       81        27         9         3         1]\n",
      " [      625       125        25         5         1]\n",
      " [     2401       343        49         7         1]\n",
      " [       16         8         4         2         1]\n",
      " [     4096       512        64         8         1]\n",
      " [    10000      1000       100        10         1]\n",
      " [    14641      1331       121        11         1]\n",
      " [ 17850625    274625      4225        65         1]\n",
      " [ 26873856    373248      5184        72         1]\n",
      " [ 43046721    531441      6561        81         1]\n",
      " [ 96059601    970299      9801        99         1]\n",
      " [100000000   1000000     10000       100         1]\n",
      " [506250000   3375000     22500       150         1]] \n",
      "\n",
      "Vander matrix of the input array in increasing order of powers:\n",
      "\n",
      " [[        1         3         9        27        81]\n",
      " [        1         5        25       125       625]\n",
      " [        1         7        49       343      2401]\n",
      " [        1         2         4         8        16]\n",
      " [        1         8        64       512      4096]\n",
      " [        1        10       100      1000     10000]\n",
      " [        1        11       121      1331     14641]\n",
      " [        1        65      4225    274625  17850625]\n",
      " [        1        72      5184    373248  26873856]\n",
      " [        1        81      6561    531441  43046721]\n",
      " [        1        99      9801    970299  96059601]\n",
      " [        1       100     10000   1000000 100000000]\n",
      " [        1       150     22500   3375000 506250000]] \n",
      "\n"
     ]
    }
   ],
   "source": [
    "import numpy as np\n",
    "\n",
    "## Iterate over each number in the input vector n times, n being the number of columns in the o/p matrix and output \n",
    "## an intermediate vector. Use diff order formula based on increasing and decreasing condition.\n",
    "## Reshape the intermediate vector using the size of the input vector (rows) and n (columns) to generate the o/p matrix. \n",
    "   \n",
    "def gen_vander_matrix(ipvector, n, increasing=False):\n",
    "    \n",
    "    if not increasing:\n",
    "        op_matx = np.array([x**(n-1-i) for x in ipvector for i in range(n)]).reshape(ipvector.size,n)\n",
    "    elif increasing:\n",
    "        op_matx = np.array([x**i for x in ipvector for i in range(n)]).reshape(ipvector.size,n)\n",
    "    \n",
    "    return op_matx\n",
    "\n",
    "print(\"------------OUTPUT-------------\\n\")\n",
    "\n",
    "inputvector = np.array([3, 5, 7, 2, 8, 10, 11, 65, 72, 81, 99, 100, 150])\n",
    "no_col_opmat = 3\n",
    "op_matx_dec_order = gen_vander_matrix(inputvector,no_col_opmat,False)\n",
    "op_matx_inc_order = gen_vander_matrix(inputvector,no_col_opmat,True)\n",
    "\n",
    "print(\"The input array is:\",inputvector,\"\\n\")\n",
    "print(\"Number of columns in output matrix should be:\",no_col_opmat,\"\\n\")\n",
    "print(\"Vander matrix of the input array in decreasing order of powers:\\n\\n\",op_matx_dec_order,\"\\n\")\n",
    "print(\"Vander matrix of the input array in increasing order of powers:\\n\\n\",op_matx_inc_order,\"\\n\")\n",
    "\n",
    "inputvector = np.array([3, 5, 7, 2, 8, 10, 11, 65, 72, 81, 99, 100, 150])\n",
    "no_col_opmat = 5\n",
    "op_matx_dec_order = gen_vander_matrix(inputvector,no_col_opmat,False)\n",
    "op_matx_inc_order = gen_vander_matrix(inputvector,no_col_opmat,True)\n",
    "\n",
    "print(\"---------------------------------------------------------------\\n\")\n",
    "print(\"The input array is:\",inputvector,\"\\n\")\n",
    "print(\"Number of columns in output matrix should be:\",no_col_opmat,\"\\n\")\n",
    "print(\"Vander matrix of the input array in decreasing order of powers:\\n\\n\",op_matx_dec_order,\"\\n\")\n",
    "print(\"Vander matrix of the input array in increasing order of powers:\\n\\n\",op_matx_inc_order,\"\\n\")"
   ]
  },
  {
   "cell_type": "code",
   "execution_count": null,
   "metadata": {},
   "outputs": [],
   "source": []
  }
 ],
 "metadata": {
  "kernelspec": {
   "display_name": "Python 3",
   "language": "python",
   "name": "python3"
  },
  "language_info": {
   "codemirror_mode": {
    "name": "ipython",
    "version": 3
   },
   "file_extension": ".py",
   "mimetype": "text/x-python",
   "name": "python",
   "nbconvert_exporter": "python",
   "pygments_lexer": "ipython3",
   "version": "3.8.5"
  }
 },
 "nbformat": 4,
 "nbformat_minor": 4
}
